timestamps:
  lastteleport: 1607159228825
  logout: 1607178216398
lastlocation:
  world: world
  x: 923.8575593392848
  y: 144.02761214224438
  z: -520.2530886849904
  yaw: 92.043945
  pitch: 15.444789
logoutlocation:
  world: world
  x: 216.26890676279157
  y: 136.1392426607562
  z: 10.854432316324004
  yaw: -14.34021
  pitch: 23.10592
